20	13	4	2	5	0	0	3	10	4	8
21	8	0	2	16	6	3	6	10	11	11
22	1	5	7	7	6	1	2	0	11	6
23	1	0	0	2	16	15	4	2	10	19
24	1	0	1	1	14	4	5	1	10	12
25	1	4	0	1	12	11	0	2	6	14
26	0	1	7	1	7	6	3	0	2	6
27	5	0	7	2	10	6	9	0	0	10
28	0	0	7	3	0	11	5	1	1	0
29	0	0	3	5	9	9	8	5	7	3
30	3	19	0	1	9	12	2	7	5	6
31	4	9	0	0	0	6	3	3	0	3
32	8	9	1	6	0	7	0	0	7	0
33	8	16	1	7	0	10	0	0	1	1
34	3	8	0	4	5	0	0	0	0	4
35	0	3	7	0	5	3	1	4	2	6
36	0	5	2	4	1	5	10	6	2	8
37	0	0	2	3	0	3	3	5	3	0
38	5	6	1	12	7	5	1	0	4	6
39	0	4	3	14	4	10	10	1	0	5
40	5	0	1	5	6	2	7	3	2	0
41	10	0	5	5	0	2	0	3	8	0
42	0	0	8	7	7	12	6	1	6	0
43	0	0	0	6	2	6	7	0	2	3
44	5	0	1	8	2	0	1	8	3	3
45	8	0	9	3	9	4	1	0	5	0
46	1	3	0	4	14	2	0	1	6	1
47	3	0	10	6	6	1	0	0	7	1
48	0	0	10	14	1	1	6	5	0	11
49	0	0	0	5	6	4	2	0	0	0
50	0	0	0	7	10	7	6	0	7	0
51	0	0	2	5	5	4	2	0	0	1
52	0	0	10	14	0	1	6	3	0	10
53	4	1	7	6	7	0	0	0	7	2
54	1	3	0	4	13	2	0	1	5	0
55	8	0	9	3	10	3	0	0	4	0
56	4	0	0	7	2	0	1	8	3	3
57	0	0	0	8	1	8	9	0	2	3
58	1	0	9	6	8	11	6	3	6	0
59	9	0	6	6	0	2	0	0	8	1
60	6	0	2	4	6	3	6	4	2	0
61	0	4	4	14	4	10	8	0	0	6
62	2	5	2	10	8	2	1	0	3	4
63	0	1	2	4	0	4	4	5	5	1
64	0	5	1	4	0	4	10	7	2	8
65	0	4	6	0	5	3	0	3	1	6
66	3	9	0	4	5	0	0	0	0	4
67	7	13	0	6	0	12	0	0	2	1
68	9	11	2	8	0	7	1	0	5	0
69	6	8	0	0	1	7	3	4	1	3
70	2	18	0	0	9	10	2	7	4	8
71	0	0	4	5	7	9	7	5	8	2
72	0	0	7	4	0	13	6	0	0	1
73	5	0	7	1	10	4	8	0	0	7
74	0	1	6	2	8	6	3	0	2	7
75	0	4	0	0	11	11	0	2	6	14
76	2	0	1	1	15	7	6	1	10	14
77	1	0	0	2	15	12	3	1	10	16
78	1	5	4	7	7	0	3	0	11	6
79	9	0	2	15	5	3	6	10	11	12
80	12	4	2	4	0	0	2	10	4	7
