20	0	1	0	0	1	2	0	0	0	1
21	2	0	0	0	0	0	0	4	0	0
22	1	1	0	0	0	2	0	2	0	2
23	1	1	1	0	0	0	1	4	0	1
24	1	3	1	0	2	3	1	3	4	2
25	1	2	1	0	0	0	0	5	0	2
26	1	3	1	0	1	5	3	0	4	0
27	2	3	0	0	7	2	1	0	5	7
28	0	0	1	0	4	0	3	2	0	4
29	1	0	1	0	5	5	1	0	3	4
30	4	0	0	0	5	5	1	0	0	14
31	4	1	2	0	3	0	1	5	0	2
32	5	0	2	5	3	11	1	0	0	3
33	7	4	1	2	4	0	1	0	3	2
34	6	4	0	1	5	4	3	3	7	5
35	5	8	2	2	8	0	3	0	4	7
36	3	18	4	5	8	0	2	0	7	6
37	6	12	7	9	1	1	3	4	7	4
38	8	6	14	9	7	10	8	4	6	4
39	11	11	9	20	12	5	7	8	1	11
40	3	6	12	12	15	8	3	9	3	10
41	10	9	17	9	8	8	15	2	7	10
42	3	7	28	19	10	7	7	4	4	7
43	12	14	16	22	12	8	29	4	11	4
44	8	10	18	11	12	5	11	15	6	9
45	13	15	8	13	20	6	28	10	10	8
46	8	12	12	15	3	1	16	4	12	15
47	9	16	11	11	11	0	10	11	12	5
48	8	19	12	13	10	4	11	2	8	9
49	3	16	16	20	7	3	8	7	11	2
50	8	20	19	20	8	0	4	10	16	4
51	4	17	15	21	7	4	8	7	10	2
52	9	17	12	10	10	4	11	2	8	10
53	10	18	12	12	12	0	10	9	13	4
54	5	12	11	14	5	1	16	4	11	14
55	13	14	9	14	18	5	29	11	11	7
56	8	11	17	12	13	5	12	16	5	9
57	12	14	16	20	10	8	28	5	10	5
58	3	8	28	19	11	8	7	2	4	7
59	11	10	16	8	8	7	15	3	7	10
60	5	11	11	13	16	8	3	7	3	10
61	9	7	8	21	10	8	7	8	1	10
62	6	3	16	7	6	5	6	3	5	3
63	9	13	7	9	3	4	5	5	10	6
64	3	19	3	4	8	0	1	0	6	5
65	4	5	2	2	8	0	4	0	3	7
66	6	4	1	1	4	5	2	3	7	5
67	7	4	1	2	5	0	1	0	3	2
68	4	0	1	5	3	10	1	0	1	3
69	4	1	2	0	3	2	1	5	0	2
70	5	0	0	0	5	4	1	0	0	14
71	1	0	1	0	5	4	2	0	2	4
72	0	0	1	0	4	0	2	2	0	3
73	1	3	0	0	6	2	2	0	5	8
74	1	3	1	0	1	5	2	0	4	1
75	1	2	1	0	0	0	0	5	0	2
76	1	3	1	0	2	3	1	3	4	2
77	1	1	1	0	0	0	1	4	0	1
78	1	1	0	0	0	2	0	2	0	1
79	2	0	0	0	0	0	0	4	0	0
80	0	1	0	0	1	2	0	0	0	1
