20	1.8e+02	2.2e+02	80	1.8e+02	2.4e+02	1.5e+02	1.9e+02	1.3e+02	3.2e+02	1.4e+02
21	1.9e+02	1.4e+02	31	58	1.8e+02	2.2e+02	2.4e+02	2.8e+02	3e+02	1.9e+02
22	49	49	95	1e+02	1.8e+02	2.6e+02	1.1e+02	1.6e+02	2.2e+02	2.9e+02
23	75	72	68	1.2e+02	52	2.2e+02	1.9e+02	1.8e+02	1.2e+02	2e+02
24	2.2e+02	1.6e+02	73	1.8e+02	2.1e+02	2.4e+02	1.2e+02	1.6e+02	1.3e+02	1.8e+02
25	1.1e+02	35	1e+02	1.4e+02	37	1.5e+02	57	21	25	88
26	41	1.6e+02	87	76	1.3e+02	95	1.3e+02	1.2e+02	60	1.4e+02
27	12	38	1.3e+02	1.2e+02	24	2.1e+02	25	26	31	1.3e+02
28	19	35	20	26	37	27	82	29	36	20
29	1e+02	1.5e+02	1.8e+02	67	1e+02	45	59	1.4e+02	90	27
30	1.6e+02	1.6e+02	1.1e+02	1.2e+02	1.8e+02	61	1.5e+02	1e+02	80	18
31	9	1.4e+02	22	28	62	25	51	31	63	25
32	1.3e+02	2.5e+02	37	1.7e+02	39	29	1.7e+02	25	1.3e+02	35
33	2.6e+02	3.5e+02	2.5e+02	3.4e+02	2.3e+02	60	1e+02	1.4e+02	2.1e+02	1.1e+02
34	12	29	15	17	40	25	40	42	67	47
35	1.3e+02	2.2e+02	1.6e+02	3e+02	2.7e+02	69	2.2e+02	1.7e+02	1.5e+02	2.5e+02
36	2.3e+02	2.4e+02	1e+02	2.3e+02	2.4e+02	1e+02	1.5e+02	2.7e+02	1.6e+02	1.1e+02
37	45	1.4e+02	94	1.4e+02	2.7e+02	1.5e+02	1.8e+02	2.4e+02	2.4e+02	1.9e+02
38	3.2e+02	5e+02	2.5e+02	4.2e+02	5.7e+02	3.5e+02	5e+02	3.2e+02	3.6e+02	5.5e+02
39	2.6e+02	2.4e+02	2.2e+02	2.3e+02	3.4e+02	3.4e+02	3.8e+02	3.8e+02	3.5e+02	4.6e+02
40	3.3e+02	3.3e+02	2.1e+02	3.3e+02	4.9e+02	5.3e+02	4.9e+02	5.5e+02	5.6e+02	5.2e+02
41	3e+02	4.3e+02	2.4e+02	3.7e+02	5.5e+02	6.6e+02	5.8e+02	6.5e+02	5.4e+02	6.4e+02
42	3e+02	3e+02	3.3e+02	2.9e+02	6.7e+02	7.9e+02	6.5e+02	6.8e+02	6e+02	7.2e+02
43	5.2e+02	4.5e+02	5.6e+02	4.8e+02	8.2e+02	9.5e+02	9.1e+02	8.3e+02	9.4e+02	7.8e+02
44	4.2e+02	4.2e+02	4.1e+02	3.6e+02	8.4e+02	9e+02	9.4e+02	9.1e+02	1e+03	9.1e+02
45	5.1e+02	5.4e+02	4.9e+02	5.1e+02	8.3e+02	1.1e+03	9.2e+02	1e+03	1.1e+03	1.1e+03
46	4.1e+02	3.5e+02	3.3e+02	3.3e+02	7.9e+02	1.2e+03	1e+03	1.1e+03	1.1e+03	1.3e+03
47	3.1e+02	3.3e+02	2.5e+02	3e+02	9.4e+02	1.2e+03	1e+03	1e+03	1.3e+03	1.3e+03
48	6.6e+02	6.3e+02	7e+02	7.2e+02	1.1e+03	1.4e+03	1.2e+03	1.2e+03	1.3e+03	1.5e+03
49	1.6e+02	2.2e+02	1.5e+02	1.7e+02	8.2e+02	1.3e+03	1.1e+03	1.3e+03	1.2e+03	1.5e+03
50	7.8e+02	8.6e+02	8.7e+02	8.3e+02	1.2e+03	1.4e+03	1.3e+03	1.4e+03	1.3e+03	1.6e+03
51	1.5e+02	2.2e+02	1.4e+02	1.8e+02	8e+02	1.3e+03	1.1e+03	1.3e+03	1.2e+03	1.5e+03
52	6.3e+02	6.2e+02	6.5e+02	6.9e+02	1.1e+03	1.4e+03	1.2e+03	1.2e+03	1.3e+03	1.5e+03
53	3.4e+02	3.4e+02	2.7e+02	3.2e+02	9.8e+02	1.3e+03	1e+03	1e+03	1.3e+03	1.3e+03
54	4.1e+02	3.4e+02	3.3e+02	3.4e+02	7.9e+02	1.2e+03	1e+03	1.1e+03	1.1e+03	1.3e+03
55	5.1e+02	5.2e+02	4.8e+02	5e+02	8.5e+02	1.1e+03	9.2e+02	1e+03	1e+03	1.1e+03
56	4.2e+02	4.3e+02	4.1e+02	3.6e+02	8.1e+02	8.8e+02	9.3e+02	9.1e+02	1e+03	9.1e+02
57	5e+02	4.6e+02	5.6e+02	4.8e+02	8.1e+02	9.2e+02	8.8e+02	8.2e+02	9e+02	7.7e+02
58	2.7e+02	3e+02	3.3e+02	2.8e+02	6.4e+02	7.9e+02	6.2e+02	6.5e+02	6e+02	7e+02
59	3e+02	4.4e+02	2.3e+02	3.5e+02	5.5e+02	6.4e+02	5.7e+02	6.3e+02	5.3e+02	6e+02
60	3.3e+02	3.2e+02	2.1e+02	3.2e+02	4.7e+02	5.3e+02	4.8e+02	5.3e+02	5.6e+02	4.9e+02
61	2.7e+02	2.3e+02	2.2e+02	2.3e+02	3.4e+02	3.1e+02	3.8e+02	3.6e+02	3.2e+02	4.5e+02
62	2.5e+02	3.4e+02	1.6e+02	3e+02	4.5e+02	2.6e+02	4e+02	2.3e+02	2.9e+02	4.7e+02
63	95	2.7e+02	1.6e+02	2.6e+02	3.7e+02	2e+02	2.5e+02	2.9e+02	2.9e+02	2.4e+02
64	2.2e+02	2.4e+02	1e+02	2.3e+02	2.3e+02	82	1.4e+02	2.4e+02	1.4e+02	91
65	1.3e+02	2.1e+02	1.6e+02	2.9e+02	2.6e+02	43	2.1e+02	1.7e+02	1.4e+02	2.4e+02
66	12	24	10	11	28	11	32	26	64	35
67	2.6e+02	3.5e+02	2.3e+02	3.2e+02	2.1e+02	53	88	1.3e+02	2e+02	92
68	1.3e+02	2.6e+02	42	2e+02	47	36	1.7e+02	17	1.2e+02	24
69	7	1.3e+02	16	12	57	14	46	28	59	11
70	1.5e+02	1.6e+02	1e+02	1.2e+02	1.6e+02	57	1.4e+02	95	61	16
71	1.1e+02	1.4e+02	1.7e+02	57	97	38	44	1.3e+02	82	15
72	9	26	19	17	25	29	81	21	17	24
73	10	25	1.3e+02	1.1e+02	27	2.1e+02	19	18	30	1.2e+02
74	43	1.6e+02	74	77	1.3e+02	1e+02	1.1e+02	1.2e+02	56	1.3e+02
75	1.1e+02	36	99	1.2e+02	40	1.6e+02	48	25	35	84
76	2.1e+02	1.5e+02	60	1.6e+02	1.9e+02	2.1e+02	1.3e+02	1.4e+02	1.3e+02	1.6e+02
77	65	61	54	1e+02	42	2e+02	1.7e+02	1.6e+02	1.2e+02	2e+02
78	44	45	1e+02	97	1.7e+02	2.3e+02	92	1.6e+02	2e+02	2.8e+02
79	1.7e+02	1.2e+02	23	47	1.6e+02	2.1e+02	2.1e+02	2.6e+02	2.9e+02	1.7e+02
80	1.6e+02	1.9e+02	68	1.6e+02	2.1e+02	1.2e+02	1.8e+02	1.1e+02	2.7e+02	1e+02
