20	2.1e+02	1.1e+02	1.3e+02	1.4e+02	60	2.1e+02	1.1e+02	2.5e+02	91	3.2e+02
21	2.8e+02	1.4e+02	3.2e+02	1.9e+02	1.8e+02	1.5e+02	99	68	2.5e+02	3.2e+02
22	2.4e+02	2e+02	2.4e+02	67	2e+02	2e+02	1.6e+02	41	89	1.4e+02
23	2.1e+02	2e+02	1.4e+02	32	1.7e+02	2.1e+02	94	72	1.6e+02	1.1e+02
24	96	1.8e+02	2.3e+02	2.1e+02	1.2e+02	1.6e+02	1.6e+02	1.6e+02	2.3e+02	1.8e+02
25	56	40	1.3e+02	1.1e+02	79	38	48	1.7e+02	24	19
26	36	73	21	53	36	57	1.2e+02	1.1e+02	1.1e+02	42
27	1.1e+02	19	88	25	28	40	20	1.6e+02	93	20
28	21	20	64	66	24	52	19	26	19	35
29	61	1.3e+02	81	1.6e+02	39	1.6e+02	2.4e+02	1.5e+02	93	73
30	49	1.2e+02	26	26	97	1.6e+02	1.9e+02	75	1.2e+02	1.8e+02
31	1.5e+02	24	45	1.3e+02	1.1e+02	58	23	25	39	56
32	85	1.7e+02	64	1.4e+02	76	90	1.8e+02	1.5e+02	69	1.6e+02
33	1.3e+02	1.8e+02	1.5e+02	1.8e+02	2.3e+02	2.6e+02	3.5e+02	2.2e+02	1.2e+02	1.5e+02
34	21	38	33	33	45	29	71	23	32	30
35	1.5e+02	2.2e+02	1.4e+02	2e+02	2.4e+02	1.7e+02	3e+02	2.2e+02	1.8e+02	3e+02
36	2.2e+02	3.2e+02	2.9e+02	2.2e+02	1.9e+02	2.8e+02	1.4e+02	2.7e+02	1.6e+02	3.6e+02
37	2.4e+02	2.3e+02	2.2e+02	2e+02	2.2e+02	2.2e+02	2.4e+02	2.1e+02	3e+02	2e+02
38	3.4e+02	4e+02	4.1e+02	4e+02	4.5e+02	5.9e+02	5.2e+02	4.6e+02	4.1e+02	4.3e+02
39	4e+02	4.2e+02	4.1e+02	5e+02	4e+02	4.6e+02	3.2e+02	3.7e+02	3.8e+02	3.4e+02
40	4.9e+02	5.4e+02	4.9e+02	4.8e+02	4.9e+02	5.8e+02	4e+02	3.9e+02	4.8e+02	5e+02
41	6.4e+02	6.4e+02	5.7e+02	5.9e+02	5.4e+02	6.3e+02	4.9e+02	4.6e+02	5.7e+02	5.8e+02
42	7e+02	8.3e+02	7.5e+02	6.3e+02	4.7e+02	6.7e+02	4.2e+02	4.8e+02	7.2e+02	7.3e+02
43	7.6e+02	9.1e+02	9.8e+02	9.3e+02	7.6e+02	9.2e+02	7.6e+02	7.1e+02	9.1e+02	8.6e+02
44	9.9e+02	9.3e+02	1.1e+03	9.7e+02	7.9e+02	8.3e+02	6.1e+02	6.2e+02	1e+03	8.1e+02
45	1.1e+03	1.1e+03	1.1e+03	1.1e+03	9.7e+02	9.5e+02	8.5e+02	8.1e+02	1e+03	1.1e+03
46	1.2e+03	1.2e+03	1.1e+03	1.2e+03	9.3e+02	9.9e+02	7.1e+02	7.4e+02	1.1e+03	1.1e+03
47	1.2e+03	1.1e+03	1.2e+03	1.1e+03	8.4e+02	9.1e+02	7.1e+02	6.3e+02	1.2e+03	1.1e+03
48	1.4e+03	1.3e+03	1.4e+03	1.4e+03	1.2e+03	1.1e+03	9e+02	9.9e+02	1.4e+03	1.4e+03
49	1.2e+03	1.3e+03	1.3e+03	1.3e+03	8.7e+02	9.8e+02	6.4e+02	6.8e+02	1.2e+03	1.2e+03
50	1.4e+03	1.4e+03	1.6e+03	1.5e+03	1.3e+03	1.3e+03	1.1e+03	1.1e+03	1.3e+03	1.3e+03
51	1.2e+03	1.3e+03	1.3e+03	1.3e+03	8.7e+02	9.5e+02	6.3e+02	6.9e+02	1.2e+03	1.1e+03
52	1.3e+03	1.3e+03	1.4e+03	1.3e+03	1.1e+03	1.1e+03	8.8e+02	9.5e+02	1.3e+03	1.3e+03
53	1.2e+03	1.2e+03	1.2e+03	1.2e+03	8.8e+02	9.5e+02	7.2e+02	6.8e+02	1.2e+03	1.1e+03
54	1.2e+03	1.2e+03	1.1e+03	1.1e+03	9.1e+02	9.9e+02	7.1e+02	7.3e+02	1.1e+03	1.1e+03
55	1.1e+03	1.1e+03	1.1e+03	1.1e+03	9.5e+02	9.3e+02	8.5e+02	8e+02	1e+03	1.1e+03
56	9.7e+02	8.9e+02	1.1e+03	9.6e+02	7.8e+02	8.1e+02	6e+02	6e+02	1e+03	8e+02
57	7.5e+02	9.2e+02	9.5e+02	9.1e+02	7.5e+02	9e+02	7.4e+02	7e+02	9e+02	8.5e+02
58	6.9e+02	8.2e+02	7.5e+02	6.3e+02	4.5e+02	6.6e+02	4.2e+02	4.8e+02	7e+02	7.1e+02
59	6.2e+02	6.4e+02	5.6e+02	5.8e+02	5.5e+02	6.3e+02	4.8e+02	4.4e+02	5.6e+02	5.5e+02
60	4.8e+02	5.2e+02	4.7e+02	4.8e+02	4.9e+02	5.5e+02	3.9e+02	3.8e+02	4.8e+02	4.8e+02
61	3.8e+02	4.1e+02	4.1e+02	4.8e+02	3.9e+02	4.4e+02	3e+02	3.7e+02	3.8e+02	3.3e+02
62	2.5e+02	3.2e+02	3.4e+02	3e+02	3.6e+02	4.8e+02	3.8e+02	3.4e+02	3e+02	3.5e+02
63	2.9e+02	2.8e+02	2.7e+02	2.8e+02	3e+02	3.1e+02	3.5e+02	3.1e+02	3.8e+02	2.7e+02
64	2.2e+02	3e+02	2.7e+02	2.1e+02	1.7e+02	2.6e+02	1.3e+02	2.5e+02	1.5e+02	3.4e+02
65	1.3e+02	2.1e+02	1.2e+02	1.9e+02	2.2e+02	1.6e+02	2.9e+02	2.1e+02	1.4e+02	2.8e+02
66	17	32	17	17	25	22	70	14	20	22
67	1.1e+02	1.5e+02	1.3e+02	1.7e+02	2.2e+02	2.2e+02	3.2e+02	1.9e+02	1.1e+02	1.3e+02
68	97	1.6e+02	65	1.2e+02	82	92	1.8e+02	1.5e+02	61	1.6e+02
69	1.3e+02	16	31	1.1e+02	96	56	15	17	33	61
70	40	1e+02	22	21	94	1.6e+02	1.7e+02	75	95	1.6e+02
71	51	1.1e+02	86	1.6e+02	31	1.5e+02	2.3e+02	1.4e+02	85	77
72	18	12	41	45	14	36	12	16	11	24
73	1.1e+02	15	98	20	28	34	18	1.6e+02	94	25
74	31	57	18	45	30	60	1.2e+02	1.1e+02	1.1e+02	39
75	54	51	1.2e+02	1e+02	76	32	40	1.7e+02	25	18
76	96	1.8e+02	2.4e+02	2e+02	1.2e+02	1.4e+02	1.6e+02	1.4e+02	2.2e+02	1.8e+02
77	1.9e+02	1.6e+02	1.2e+02	17	1.6e+02	1.9e+02	65	64	1.3e+02	1e+02
78	2.3e+02	1.8e+02	2.2e+02	57	2e+02	1.9e+02	1.5e+02	35	92	1.4e+02
79	2.5e+02	1.2e+02	3e+02	1.8e+02	1.5e+02	1.3e+02	75	61	2.2e+02	3e+02
80	1.8e+02	94	1e+02	1.2e+02	49	2e+02	94	2.2e+02	74	2.7e+02
