20	2e+02	87	1.9e+02	1.3e+02	62	1.1e+02	1e+02	2.4e+02	2.3e+02	1.3e+02
21	1.1e+02	1.9e+02	1.5e+02	1.1e+02	3.1e+02	2e+02	1.5e+02	2.8e+02	2.3e+02	2.3e+02
22	32	1.6e+02	77	1.7e+02	1.5e+02	65	2e+02	1.8e+02	1.4e+02	1.3e+02
23	61	47	1.1e+02	1.5e+02	2e+02	93	2e+02	1.6e+02	1.9e+02	1.3e+02
24	1.7e+02	1e+02	1.5e+02	1.4e+02	1.6e+02	1.8e+02	2e+02	1.2e+02	1.8e+02	79
25	1.4e+02	29	59	59	89	1.1e+02	56	1.1e+02	74	1.9e+02
26	19	67	42	14	1.5e+02	15	1.7e+02	92	74	28
27	87	22	41	44	85	96	36	86	27	67
28	14	15	13	24	29	23	27	19	40	26
29	1.8e+02	2e+02	1.9e+02	2.1e+02	89	47	28	76	1.4e+02	56
30	2e+02	2.2e+02	1.5e+02	2.2e+02	23	1.6e+02	69	82	24	42
31	21	34	21	28	81	42	70	31	30	28
32	60	77	73	2e+02	23	1.4e+02	1.7e+02	95	80	93
33	2.4e+02	3.6e+02	2.9e+02	3e+02	80	1.6e+02	1.6e+02	1.8e+02	2.3e+02	1.7e+02
34	25	12	20	27	30	26	1.5e+02	28	47	34
35	2e+02	3e+02	1.4e+02	2.9e+02	1.9e+02	2e+02	1.3e+02	2e+02	2.2e+02	2.1e+02
36	2e+02	1.6e+02	1.4e+02	3.4e+02	1.6e+02	2.5e+02	2.7e+02	2.2e+02	2.3e+02	2e+02
37	1.1e+02	1e+02	1.2e+02	1.7e+02	1.6e+02	1.9e+02	3.3e+02	3.9e+02	2.5e+02	2e+02
38	3.5e+02	3.9e+02	3.3e+02	5.2e+02	4e+02	3.8e+02	5.1e+02	4.9e+02	4.2e+02	5.2e+02
39	2.1e+02	2.1e+02	1.5e+02	3e+02	3.7e+02	3e+02	5.3e+02	4.6e+02	4.1e+02	3.7e+02
40	3.5e+02	2.6e+02	2.5e+02	4.4e+02	6e+02	5.2e+02	5.8e+02	5.1e+02	5.3e+02	4.4e+02
41	2.9e+02	2.1e+02	3.7e+02	4.7e+02	6.3e+02	5.6e+02	6.1e+02	5.7e+02	6.3e+02	6.1e+02
42	2.2e+02	2.1e+02	3.7e+02	4.6e+02	7e+02	6.9e+02	6.5e+02	7.3e+02	6.8e+02	7.4e+02
43	4.4e+02	4.1e+02	4e+02	7.8e+02	9e+02	8.7e+02	8.7e+02	8.3e+02	8.6e+02	9.5e+02
44	2.6e+02	3.5e+02	3.2e+02	6.3e+02	9.7e+02	9.4e+02	8.6e+02	8.1e+02	9e+02	9e+02
45	4.9e+02	5e+02	4.1e+02	6.9e+02	1.1e+03	1e+03	1.1e+03	9.9e+02	1e+03	1.1e+03
46	3.3e+02	2.7e+02	3.4e+02	6.5e+02	1.2e+03	1e+03	1.1e+03	9.2e+02	9.9e+02	1.2e+03
47	2.3e+02	2.2e+02	2.6e+02	6.5e+02	1.3e+03	1.1e+03	1.1e+03	1.1e+03	1e+03	1.3e+03
48	6.4e+02	6.3e+02	7.4e+02	8.9e+02	1.4e+03	1.3e+03	1.3e+03	1.3e+03	1.3e+03	1.4e+03
49	1.5e+02	84	81	5e+02	1.3e+03	1.3e+03	1.2e+03	1.1e+03	1.1e+03	1.3e+03
50	8.8e+02	8.3e+02	7.5e+02	9.6e+02	1.4e+03	1.4e+03	1.3e+03	1.3e+03	1.4e+03	1.4e+03
51	1.5e+02	90	89	5.1e+02	1.3e+03	1.3e+03	1.2e+03	1.1e+03	1.1e+03	1.3e+03
52	6.3e+02	5.9e+02	7e+02	8.6e+02	1.4e+03	1.3e+03	1.2e+03	1.2e+03	1.3e+03	1.3e+03
53	2.5e+02	2.5e+02	2.9e+02	6.8e+02	1.4e+03	1.1e+03	1.2e+03	1.1e+03	1.1e+03	1.3e+03
54	3.2e+02	2.7e+02	3.5e+02	6.5e+02	1.2e+03	1e+03	1.1e+03	9.1e+02	9.6e+02	1.2e+03
55	4.9e+02	5.1e+02	4e+02	6.8e+02	1.1e+03	1e+03	1e+03	1e+03	1e+03	1.1e+03
56	2.6e+02	3.6e+02	3.2e+02	6.4e+02	9.7e+02	9.1e+02	8.5e+02	8e+02	8.8e+02	8.9e+02
57	4.3e+02	3.9e+02	4e+02	7.5e+02	8.5e+02	8.7e+02	8.7e+02	8.2e+02	8.6e+02	9.3e+02
58	2.1e+02	2.1e+02	3.7e+02	4.5e+02	7e+02	6.8e+02	6.4e+02	7.1e+02	6.8e+02	7.2e+02
59	2.8e+02	2e+02	3.7e+02	4.6e+02	6.2e+02	5.5e+02	6e+02	5.6e+02	6e+02	6.1e+02
60	3.5e+02	2.6e+02	2.5e+02	4.4e+02	5.6e+02	5.1e+02	5.6e+02	5.1e+02	5.3e+02	4.2e+02
61	2e+02	2.1e+02	1.5e+02	2.9e+02	3.6e+02	2.8e+02	5.1e+02	4.5e+02	4.2e+02	3.7e+02
62	2.4e+02	2.8e+02	2.3e+02	4e+02	3.4e+02	3.2e+02	4.1e+02	3.7e+02	3.2e+02	4.2e+02
63	1.9e+02	2e+02	2e+02	2.9e+02	2e+02	2.4e+02	4e+02	4.8e+02	3e+02	2.7e+02
64	1.9e+02	1.6e+02	1.4e+02	3.2e+02	1.4e+02	2.4e+02	2.6e+02	2e+02	2.1e+02	1.8e+02
65	2e+02	3e+02	1.3e+02	2.9e+02	1.8e+02	1.8e+02	1.1e+02	1.8e+02	2e+02	1.8e+02
66	21	8	21	21	21	19	1.3e+02	24	26	18
67	2.4e+02	3.5e+02	2.7e+02	2.7e+02	68	1.5e+02	1.4e+02	1.7e+02	2.2e+02	1.5e+02
68	65	91	78	2.1e+02	16	1.2e+02	1.6e+02	88	85	88
69	19	22	12	14	71	30	66	16	27	20
70	2e+02	2.1e+02	1.5e+02	2.1e+02	17	1.5e+02	60	84	29	31
71	1.8e+02	1.9e+02	1.8e+02	2e+02	85	33	17	67	1.3e+02	47
72	16	10	7	15	25	17	20	17	26	20
73	86	20	43	45	78	97	37	82	29	72
74	19	61	43	17	1.6e+02	11	1.7e+02	96	72	23
75	1.4e+02	27	58	54	82	1e+02	40	1e+02	69	1.9e+02
76	1.6e+02	1e+02	1.4e+02	1.4e+02	1.5e+02	1.7e+02	1.9e+02	1.2e+02	1.6e+02	74
77	48	42	94	1.3e+02	1.8e+02	81	1.8e+02	1.5e+02	1.7e+02	1.2e+02
78	31	1.6e+02	74	1.7e+02	1.5e+02	63	1.9e+02	1.7e+02	1.4e+02	1.2e+02
79	1e+02	1.8e+02	1.4e+02	99	2.8e+02	1.9e+02	1.3e+02	2.6e+02	2.1e+02	2.2e+02
80	1.8e+02	72	1.7e+02	99	45	82	74	2.1e+02	2.1e+02	1e+02
