20	1	4	0	2	4	4	1	0	0	1
21	2	0	0	2	1	3	0	0	0	1
22	1	0	0	1	1	4	2	0	0	3
23	4	6	0	3	2	6	0	0	0	1
24	2	3	2	2	2	2	0	3	2	1
25	3	2	0	1	1	2	0	4	5	0
26	0	2	1	1	2	0	0	0	2	1
27	2	3	10	1	4	1	3	0	2	3
28	2	5	7	2	4	0	7	0	8	3
29	0	2	4	2	4	3	3	2	1	4
30	4	14	4	12	0	5	2	3	2	6
31	0	3	8	3	9	3	1	4	9	4
32	5	5	10	8	4	2	1	3	6	7
33	9	9	9	8	11	3	3	4	5	5
34	8	5	0	10	3	4	4	3	2	3
35	4	5	7	4	4	1	1	3	2	4
36	8	8	7	5	6	6	5	9	5	9
37	7	9	6	10	2	4	3	3	9	4
38	6	13	7	5	3	2	5	8	4	8
39	6	9	6	9	6	5	11	5	4	8
40	11	12	7	7	12	4	9	7	12	9
41	6	11	9	14	7	3	4	8	3	6
42	2	5	9	12	8	8	8	8	8	8
43	11	6	13	6	18	7	9	9	10	5
44	9	12	10	13	6	8	7	9	4	7
45	14	11	14	10	12	8	13	14	6	10
46	11	9	6	12	7	10	4	5	12	8
47	13	7	12	8	13	5	5	6	14	10
48	11	11	6	10	6	6	15	12	10	9
49	6	8	7	6	6	9	9	6	7	13
50	21	9	18	22	6	4	13	10	18	9
51	7	8	7	6	6	9	9	7	6	12
52	11	10	6	9	6	6	16	13	8	9
53	14	7	12	11	14	5	5	5	15	10
54	11	10	7	11	8	10	3	6	12	8
55	11	11	15	10	13	8	14	14	6	10
56	9	12	8	14	6	9	7	9	4	7
57	11	5	13	5	16	7	8	9	10	5
58	2	5	9	12	8	7	8	7	8	8
59	6	12	10	13	6	3	3	8	3	7
60	11	12	8	7	12	4	9	7	12	9
61	7	8	4	9	6	5	11	4	4	8
62	4	13	8	4	2	3	6	6	3	8
63	9	8	5	12	3	4	2	5	10	4
64	8	9	7	5	6	7	5	9	6	9
65	3	5	6	3	4	1	1	3	2	4
66	9	5	1	11	3	3	4	3	2	3
67	8	9	7	6	11	2	3	5	5	5
68	5	5	12	9	4	2	2	3	6	6
69	0	3	9	3	9	3	1	4	8	4
70	4	14	4	12	0	5	2	2	3	6
71	0	2	4	2	4	3	3	2	1	4
72	2	5	6	3	4	0	6	0	7	3
73	2	3	10	1	4	1	3	0	2	3
74	0	2	1	1	2	0	0	0	2	1
75	3	2	0	0	1	2	0	4	5	0
76	2	3	2	2	2	2	0	3	2	2
77	4	5	0	3	2	6	0	0	0	0
78	1	1	0	1	1	5	2	0	0	3
79	2	0	0	2	1	3	0	0	0	1
80	1	4	0	2	4	4	1	0	0	1
