20		0	1	5	3	2	0	9	0	0	0
21		0	0	0	7	0	4	9	10	1	6
22		2	2	5	0	1	13	5	6	7	0
23		0	4	0	1	3	2	15	6	4	1
24		0	9	2	1	0	4	16	0	3	4
25		0	5	0	0	0	3	3	13	0	3
26		0	4	11	2	1	4	8	3	2	0
27		0	2	4	7	1	5	13	9	4	6
28		1	0	7	0	0	7	9	0	0	0
29		0	0	3	0	2	0	2	0	1	0
30		0	5	6	0	4	0	0	5	8	2
31		0	0	0	1	3	2	2	0	4	0
32		10	3	1	0	0	0	6	0	9	0
33		6	4	14	4	9	1	3	2	3	0
34		0	1	2	0	0	0	5	0	3	0
35		1	6	5	0	10	0	5	3	1	0
36		1	2	5	1	0	0	7	0	2	2
37		0	0	4	0	0	7	4	0	0	0
38		5	0	6	1	0	0	10	0	0	9
39		0	0	4	1	2	4	7	8	0	6
40		5	0	2	0	0	1	8	6	2	0
41		0	6	2	4	3	0	9	5	1	8
42		1	0	6	4	4	6	8	0	0	12
43		0	0	13	8	2	0	7	7	6	0
44		5	0	2	0	5	0	15	0	2	0
45		9	2	8	7	5	4	3	9	0	0
46		0	6	0	0	4	1	6	5	0	3
47		1	3	2	0	11	8	13	8	5	5
48		6	5	4	7	18	14	8	2	1	0
49		4	9	0	8	8	11	4	5	9	8
50		24	0	0	8	7	8	8	6	0	2
51		4	9	0	8	7	11	4	5	7	8
52		5	5	4	7	17	15	8	2	2	0
53		2	3	2	0	12	7	14	8	4	5
54		0	6	0	0	4	1	5	5	0	3
55		9	2	8	8	5	4	3	9	0	0
56		5	0	2	0	5	0	15	0	2	0
57		0	0	14	8	3	0	7	7	6	0
58		1	0	5	4	3	6	8	0	0	12
59		0	6	2	3	3	0	10	5	1	8
60		5	0	2	0	0	1	8	6	2	0
61		0	0	4	1	2	4	7	8	0	6
62		5	0	4	1	0	0	9	0	0	8
63		0	0	6	0	0	8	4	0	0	2
64		1	2	5	1	0	0	8	0	2	2
65		1	6	5	0	10	0	5	3	1	0
66		0	1	2	0	0	0	5	0	3	0
67		8	4	14	4	9	0	2	2	4	0
68		9	4	1	1	0	0	7	1	11	0
69		0	0	0	1	3	2	2	0	3	0
70		0	5	6	0	5	0	0	4	6	2
71		0	0	3	0	2	0	1	0	1	0
72		0	0	7	0	0	7	9	0	1	0
73		0	2	4	7	1	5	13	9	4	6
74		0	4	11	2	1	4	8	3	1	0
75		0	5	0	0	0	3	4	13	0	3
76		0	9	2	1	0	4	16	0	3	4
77		0	3	0	0	3	2	14	5	5	1
78		2	2	7	0	1	13	5	9	6	1
79		0	0	0	7	0	4	9	8	1	4
80		0	1	4	3	1	0	9	0	0	0
